990000960003897
990000970002897
990001250039997
990001260019997
990001270004997
990001280003997
990001290002997
990001300039997
990001310019997
990001740000997
990001750004897
990001760029991
990001770009991
990001780004891
990001320059991
990001330039991
990001790003891
990002350069991
990002360049991
990002370029991
990002380009991
990002890001991
990003060059991
990003070039991
990003080019991
990003090004991
990003830002891
990004090003991
990004100059991
358679050009991
358680050089991
358681050069991
358682050049991
358683050029991
358694050004991
358695050069991
358696050049991
358697050029991
358698050009991
359288060003991
359289060002991
359290060039991
352068070089991
352069070069991
352070070079998
352071070059998
352072070039998
354423060004898
354424060003898
355889060000798
355890060003998
355891060002998
356966060002898
356967060001898
356968060000898
356969060000698
356970060003898
351976060004997
351977060003997
352056060099997
352057060079997
352058060059997
352059060039997
352060060199997
358531050079997
358532050059997
358769050001997
358770050019997
358771050004997
358772050003997
358773050002997
358845050019997
358846050004997
358847050003997
351978060002997
351979060001997
352025060389997
352073070089991
352074070069991
352075070299991
352076070199991
352077070099991
354442050079991
354443050059991
354444050039991
354445050189991
354446050089991
358676050004899
358677050003899
358678050002899
358774050000999
358775050004899
358848050001999
358849050000999
358850050004999
359250060004999
359273060000999
359274060000799
359275060003899
359276060002899
359277060001899
499901000000999
361779250009992
990000860039991
990000870019991
990000880004991
990000890003991
990000980004891
990000990003891
990001000289991
990001010189991
990001020059994
990001030039994
990001040019994
990001050089994
990001060069994
990001070049994
990001080029994
990001090009994
990001100089994
990001810004994
990001820003994
990001830002994
990001840001994
990001850009994
990001860004894
990001870003894
990001880002894
990001890001894
990001900009994
990001910004894
990001920003894
990001930002894
990001940001894
990001950004994
990001960003994
990001970002994
990001980001994
990002630002994
990002640001994
990002650009994
990002660004894
990002670003894
990002680002894
990002690001894
990002700009994
990003990000594
990004000039994
990004010019994
990004020004994
990004030003994
990004040002994
990004050029994
990004060009994
990004070004894
990004080003894
990002230002998
990002240001998
990002250009998
990002260004898
990002270003898
990002280002898
990002290001898
990002300009998
990002710002898
990002720001898
990002730000898
990002740000698
990002750002998
990002760001998
990002770000998
990002780000798
990002790000598
990002800002998
990002810001998
990002820000998
990002830000798
990002840000598
990002850002898
990002860001898
990002870000898
990002880000698
990003170002998
990003180001998
990003190000998
990003200004998
990003690000498
990003700002898
990003710001898
990003720000898
990003730000698
990003740000498
990003750001998
990003760000998
990003770000798
990003780000598
990002310004898
990002320003898
990002330002898
990002340001898
990003790000398
990003800001998
990003810000998
990003820000798
990003870000698
990003880000498
990003890000298
990003900001898
330022360199991
357995050019991
357996050001898
358538050019998
358539050004998
358540050079998
358541050059998
358542050039998
358790050004898
358791050003898
358792050002898
358793050001898
358794050000898
358815050039998
358816050019998
358817050004998
358818050003998
358819050002998
352003070089998
352004070069998
352005070299998
352006070199998
352007070099998
357999050000498
358000050289998
358543050019998
358544050004998
358545050069998
358546050189992
358547050089992
358800050199992
358801050099992
358802050079992
358803050059992
358804050039992
358830050089992
358831050069992
358832050049992
358833050029992
358834050009992
351995060049992
351996060029992
351997060009992
351998060004892
351999060003892
358029050079992
358553050069992
358554050049992
358555050199992
358556050099992
358557050089991
358027050289991
358558050069991
358559050049991
358560050289991
358561050189991
358562050089991
358780050069991
358781050049991
358782050029991
358783050009991
358784050004891
358031050389991
358548050049994
358549050029994
358550050189994
358551050089994
358552050069994
358795050019994
358796050004994
358797050003994
358798050002994
358799050001994
358835050059994
358836050039994
358837050019994
358838050004994
358839050003994
352078070049994
352079070029994
352080070189994
352081070089994
352082070069994
356992060002894
356993060001894
356994060000894
357990050004994
357991050003994
358533050069994
358534050049994
358535050199994
358536050069997
358537050049997
358820050049997
358821050029997
358822050009997
358823050004897
358824050003897
885512870000696
352000060999996
352001060299999
352002060199999
352003060399993
352004060299993
352026060489993
352027060389993
352028060299992
352029060199992
352030061999992
352031060399994
352032060299994
352033060089997
352034060069997
352035060299997
357993050000897
357994050000697
358756050009997
358757050004897
358758050003897
358759050002897
358760050029997
358805050059997
358806050039997
358807050019997
358808050004997
358809050003997
351985060009997
351986060004897
351987060003897
351988060002897
351989060001897
352015060399997
352016061999991
352017060099999
352018060079999
352019060059999
352046060089999
352047060289993
352048060189993
352049060089993
352050060489993
352051060389993
352052060099996
352053060079996
352054060059996
352055060289996
357997050001896
357998050000896
358684050002996
358686050009996
358687050004896
358688050003896
358761050019996
358762050004996
358825050049996
358826050029996
358827050009996
358828050004896
358829050003896
359261060004996
359262060003996
359265060009996
359266060004896
359267060003896
352010060499996
352011060399996
352012060389995
352013060289995
352014060189995
358028050069995
358765050039995
358766050019995
358785050019995
358786050004995
358787050003995
358788050002995
358789050001995
351990060029995
351991060009995
351992060004895
351993060003895
351994060002895
352008070189995
352009070059998
352010070299998
352011070199998
352012070099998
358026050079998
358699050000998
358767050003898
358768050002898
358776050003998
358777050002998
358778050001998
358779050000998
351980060009998
351981060004898
351982060003898
351983060002898
351984060001898
352020060389998
352021060389996
352022060289996
352023060189996
352024060299991
352036060499991
352037060399991
352038060299991
352039060089994
352040060489994
352041060389994
352042060289994
352043060289992
352044060189992
352045060499992
352083070069992
352084070049992
352085070199992
352086070099992
352087070039996
358030050199996
358689050002896
358690050029996
358691050009996
358692050004896
358693050003896
358763050003996
358764050002996
358840050039996
358841050019996
358842050004996
358843050003996
358844050002996
359268060002896
359269060001896
359270060009996
359271060004896
359272060003896
352005060499996
352006060399996
352007060299996
352008060199996
352009060069999
356961060002899
356962060001899
356963060000899
356964060000699
356965060002999
357988050000699
357989050000499
358355060003999
358356060002999
358357060001999
358358060000999
358751050004999
358752050003999
358753050002999
358754050001999
358755050009999
358810050039999
358811050019999
358812050004999
358813050003999
358814050002999
358844020000997
352013070079998
352014070189993
352015070499993
352016070399993
352017070299993
352018070199993
352019070099993
352020071999991
352021070389994
352022070289994
352065060299994
354403060049994
354404060029994
354405060099994
354406060089993
354407060069993
354408060049993
354409060029993
354410060189993
354411060089993
354443060019993
354444060004993
354445060069993
354446060049993
354447060029993
354448060009993
354449060004893
354450060069993
356986060003993
356987060002993
356988060001993
356989060000993
356990060004993
356991060003993
358369060002893
358370060029993
358371060009993
358372060004893
358373060003893
359229060004993
359230060079993
359231060059993
359232060039993
359233060019993
359234060004993
359235060069993
359236060049993
359238060009993
359239060004893
359296060004893
359297060003893
359300060089993
359301060069993
359302060049993
359303060029993
359304060009993
359305060079993
359306060059993
359307060039993
352023070199993
352024070069996
352025070299996
352026070199996
352027070099996
352028070079996
352029070059996
352030070299996
352031070199996
352032070069999
352061060079999
352067060049999
352068060029999
352069060009999
352070060089999
352071060069999
352072060049999
352073060029999
352074060009999
352075060079999
352088070004899
352089070003899
352090070049999
352091070029999
352092070009999
354427060004899
354428060003899
354429060002899
354430060029999
354431060009999
354432060004899
354433060003899
354434060002899
355898060000799
355899060000599
355900060039999
355901060019999
355902060004999
356951060002999
356952060001999
356953060000999
356954060000799
356955060003899
356956060002899
356957060001899
356958060000899
356959060000699
356960060003899
356976060001899
356977060000899
356978060000699
356979060000499
356980060002899
356981060001899
356982060000899
356983060000699
356984060000499
356985060001999
358359060000799
358360060003999
358361060002999
358362060001999
358363060000999
358364060000799
358365060003899
358366060002899
358367060001899
358368060000899
358374060000699
358375060002999
359226060004999
359227060003999
359228060002999
359237060003899
359251060003999
359252060002999
359253060001999
359254060000999
359255060004899
359256060003899
359257060002899
359258060001899
359259060000899
359260060004899
359263060001899
359264060000899
359278060000899
359279060000699
359280060003899
359281060002899
359282060001899
359283060000899
359284060000699
359285060002999
359286060001999
359287060000999
359298060000699
359299060000499
359308060002999
359309060001999
359310060019999
359311060004999
359312060003999
359313060002999
359314060001999
359315060009999
359316060004899
359317060003899
352033070049999
352034070029999
352035070099999
352036070079999
352037070059999
352064060019999
354394060000899
354395060004898
354396060003898
354397060002898
354398060001898
354399060000898
354400060069998
354401060049998
354402060029998
355879060000898
355880060004898
355881060003898
355882060002898
355883060001898
352001070289998
352002070189998
352038070049998
352039070029998
352040070189998
352041070089998
352042070069998
352066060079998
354385060004998
354386060003998
354387060002998
354388060001998
354389060000998
354390060004998
354391060003998
354392060002998
354393060001998
354451060004998
354452060003998
354453060002998
354454060001998
354455060009998
355876060003898
355877060002898
355878060001898
359318060002998
359319060001998
359320060019998
359321060004998
359322060003998
359323060002998
359324060001998
359325060009998
352043070189992
352044070089992
352045070399992
352046070299992
352047070199992
352048070069995
352049070049995
352050070289995
352051070189995
352052070089995
352062060099995
354376060019995
354377060004995
354378060003995
354379060002995
354380060039995
354381060019995
354382060004995
354383060003995
354384060002995
354435060059995
354436060049994
354437060029994
354438060009994
354439060004894
354440060069994
354441060049994
354442060029994
356995060003994
356996060002994
356997060001994
356998060000994
356999060000794
357000060399994
358351060019994
358352060004994
358353060003994
358354060002994
359240060059994
359241060039994
359242060019994
359243060004994
359244060003994
359245060049994
359246060029994
359247060009994
359248060004894
359249060003894
352053070079994
352054070059994
352055070289994
352056070079997
352057070059997
352063060059997
354412060029997
354413060009997
354414060004897
354415060059997
354416060039997
354417060019997
354418060004997
354419060003997
354420060059997
355884060000997
355885060004897
355886060003897
355887060002897
355888060001897
353293070002997
353295070009997
353297070003897
353299070001897
358778990000027
353289070001997
353264070003897
359205070039997
359153070002997
356569080001997
355375080003897
353812080009997
356554080002997
356699080000697
358815010039997
350225620059997
350761560019997
351850720004897
355307080004997
358430270003897
990002370003897
