869013062181972
863364054401480
864654058069427
866904063778431
867631068067069
860102062363620
869489064815645
867457055034031
860807062011793
865453064068047
868524065978801
865481059059531
864348059211688
861275054588708
867427057729953
866769056388633
868198050772378
866581055957320
869966066200561
862317053176942
867460067975217
864926051289495
864654052337382
869496043498013
867131054921486
861269051923794
8664000553994000
865742041380016
869920043454858
861867057821498
867482048524955
868217043579516
862471048331904
863052046658099
863009049085332
869793049689714
865181032298269
861783057503004
