356919887079946
354618410243472
356679323143488
356778840218979
356386670270654
356420110905023
353459962005568
351022371325944
357815980932628
359905781170904
353306090321641
352808102915451
355982084612977
351912102907699
359011831977537
356642730691622
351024059452164
355326620043794
350013902815157
351820742120385
351223621436685
350132630646021
359147522096524
351127331423141
358711752852038
351677991920059
358550730604255
351677990201139
355384114583767
359929131206374
357674433721157
350961870251880
355751954697891
357674437662597
354049471699271
3507605060755501